# 100 semillas para la caminata 1D (una por línea)
12345
117074
221803
326532
431261
535990
640719
745448
850177
954906
1059635
1164364
1269093
1373822
1478551
1583280
1688009
1792738
1897467
2002196
2106925
2211654
2316383
2421112
2525841
2630570
2735299
2840028
2944757
3049486
3154215
3258944
3363673
3468402
3573131
3677860
3782589
3887318
3992047
4096776
4201505
4306234
4410963
4515692
4620421
4725150
4829879
4934608
5039337
5144066
5248795
5353524
5458253
5562982
5667711
5772440
5877169
5981898
6086627
6191356
6296085
6400814
6505543
6610272
6715001
6819730
6924459
7029188
7133917
7238646
7343375
7448104
7552833
7657562
7762291
7867020
7971749
8076478
8181207
8285936
8390665
8495394
8600123
8704852
8809581
8914310
9019039
9123768
9228497
9333226
9437955
9542684
9647413
9752142
9856871
9961600
10066329
10171058
10275787
10380516
